FSR in volt: 1.5596783075517309 +/- 0.0001395265273752087 V
L = 55.4558861219034 +/- 0.17680969118341477 mm
FSR = 2.704852640353979 +/- 0.00024197213883333924 GHz
